*T. I. Quickenden and J. A. Irvin, "The ultraviolet absorption spectrum
*of liquid water," J. Chem Phys., 72, 4416--4428, (1980).
*
*** Correctly converted from decadic absorptivity to
*** exponential absorption coefficient
*lambda	 absorption
* (nm) 	   (1/cm)   
 196.000000   0.029013
 197.000000   0.019618
 198.000000   0.013056
 199.000000   0.009464
 200.000000   0.007460
 201.000000   0.006079
 202.000000   0.005296
 203.000000   0.004421
 204.000000   0.003868
 205.000000   0.003592
 206.000000   0.003454
 207.000000   0.003224
 208.000000   0.003085
 209.000000   0.002878
 210.000000   0.002901
 211.000000   0.002694
 212.000000   0.002625
 213.000000   0.002533
 214.000000   0.002441
 215.000000   0.002326
 216.000000   0.002275
 217.000000   0.002178
 218.000000   0.002144
 219.000000   0.002114
 220.000000   0.001854
 221.000000   0.001810
 222.000000   0.001697
 223.000000   0.001644
 224.000000   0.001612
 225.000000   0.001497
 226.000000   0.001540
 227.000000   0.001481
 228.000000   0.001416
 229.000000   0.001382
 230.000000   0.001370
 231.000000   0.001331
 232.000000   0.001248
 233.000000   0.001230
 234.000000   0.001232
 235.000000   0.001248
 236.000000   0.001174
 237.000000   0.001135
 238.000000   0.001041
 239.000000   0.001085
 240.000000   0.001112
 241.000000   0.001078
 242.000000   0.001011
 243.000000   0.000965
 244.000000   0.000933
 245.000000   0.000903
 246.000000   0.000919
 247.000000   0.000923
 248.000000   0.000903
 249.000000   0.000898
 250.000000   0.000866
 251.000000   0.000774
 252.000000   0.000808
 253.000000   0.000827
 254.000000   0.000801
 255.000000   0.000751
 256.000000   0.000744
 257.000000   0.000744
 258.000000   0.000705
 259.000000   0.000755
 260.000000   0.000709
 261.000000   0.000762
 262.000000   0.000642
 263.000000   0.000656
 264.000000   0.000629
 265.000000   0.000578
 266.000000   0.000608
 267.000000   0.000543
 268.000000   0.000537
 269.000000   0.000550
 270.000000   0.000543
 271.000000   0.000539
 272.000000   0.000451
 273.000000   0.000493
 274.000000   0.000518
 275.000000   0.000497
 276.000000   0.000456
 277.000000   0.000495
 278.000000   0.000479
 279.000000   0.000481
 280.000000   0.000511
 281.000000   0.000490
 282.000000   0.000414
 283.000000   0.000408
 284.000000   0.000426
 285.000000   0.000410
 286.000000   0.000403
 287.000000   0.000378
 288.000000   0.000387
 289.000000   0.000366
 290.000000   0.000375
 291.000000   0.000368
 292.000000   0.000362
 293.000000   0.000368
 294.000000   0.000348
 295.000000   0.000334
 296.000000   0.000332
 297.000000   0.000283
 298.000000   0.000262
 299.000000   0.000286
 300.000000   0.000286
 301.000000   0.000336
 302.000000   0.000249
 303.000000   0.000318
 304.000000   0.000292
 305.000000   0.000258
 306.000000   0.000281
 307.000000   0.000267
 308.000000   0.000239
 309.000000   0.000288
 310.000000   0.000258
 311.000000   0.000299
 312.000000   0.000274
 313.000000   0.000260
 314.000000   0.000233
 315.000000   0.000242
 316.000000   0.000221
 317.000000   0.000237
 318.000000   0.000214
 319.000000   0.000249
 320.000000   0.000230
