* 2019-03-02 13:48:11.856669
* abslen_model.py model points
* T. I. Quickenden and J. A. Irvin,   R. M. Pope and E. S. Fry,  S. A. Sullivan,  
* wavelength(nm) absorption(1/cm)
  200.0    0.00746
  201.0    0.006079
  202.0    0.005296
  203.0    0.004421
  204.0    0.003868
  205.0    0.003592
  206.0    0.003454
  207.0    0.003224
  208.0    0.003085
  209.0    0.002878
  210.0    0.002901
  211.0    0.002694
  212.0    0.002625
  213.0    0.002533
  214.0    0.002441
  215.0    0.002326
  216.0    0.002275
  217.0    0.002178
  218.0    0.002144
  219.0    0.002114
  220.0    0.001854
  221.0    0.00181
  222.0    0.001697
  223.0    0.001644
  224.0    0.001612
  225.0    0.001497
  226.0    0.00154
  227.0    0.001481
  228.0    0.001416
  229.0    0.001382
  230.0    0.00137
  231.0    0.001331
  232.0    0.001248
  233.0    0.00123
  234.0    0.001232
  235.0    0.001248
  236.0    0.00122189453125
  237.0    0.00120310546875
  238.0    0.00117290625
  239.0    0.00114426171875
  240.0    0.00111591796875
  241.0    0.0010906015625
  242.0    0.00106595703125
  243.0    0.00104025390625
  244.0    0.001012765625
  245.0    0.000984921875
  246.0    0.00095941796875
  247.0    0.00093808984375
  248.0    0.0009208984375
  249.0    0.0009057578125
  250.0    0.00088998828125
  251.0    0.00087254296875
  252.0    0.0008535859375
  253.0    0.0008344140625
  254.0    0.00081644921875
  255.0    0.00079981640625
  256.0    0.0007842578125
  257.0    0.00076974609375
  258.0    0.000756578125
  259.0    0.0007449296875
  260.0    0.0007346953125
  261.0    0.00072414453125
  262.0    0.00071128125
  263.0    0.00069496484375
  264.0    0.00067447265625
  265.0    0.0006516640625
  266.0    0.0006281796875
  267.0    0.00060579296875
  268.0    0.00058621875
  269.0    0.00056905078125
  270.0    0.00055439453125
  271.0    0.00054130078125
  272.0    0.00052908203125
  273.0    0.0005181171875
  274.0    0.000508296875
  275.0    0.0005003359375
  276.0    0.00049445703125
  277.0    0.00049028125
  278.0    0.00048759375
  279.0    0.00048560546875
  280.0    0.0004829453125
  281.0    0.000478234375
  282.0    0.000470453125
  283.0    0.000459296875
  284.0    0.0004459296875
  285.0    0.00043221484375
  286.0    0.00041942578125
  287.0    0.00040835546875
  288.0    0.0003989453125
  289.0    0.0003907421875
  290.0    0.000383640625
  291.0    0.000377453125
  292.0    0.00037204296875
  293.0    0.00036671484375
  294.0    0.00036046875
  295.0    0.000352515625
  296.0    0.00034209765625
  297.0    0.00032985546875
  298.0    0.0003171796875
  299.0    0.0003057890625
  300.0    0.0002977109375
  301.0    0.00029304296875
  302.0    0.0002912578125
  303.0    0.00029082421875
  304.0    0.00028951171875
  305.0    0.00028707421875
  306.0    0.000282984375
  307.0    0.000278
  308.0    0.00027388671875
  309.0    0.000270828125
  310.0    0.00026960546875
  311.0    0.0002696796875
  312.0    0.00026925
  313.0    0.00026741015625
  314.0    0.000263078125
  315.0    0.00025644140625
  316.0    0.0002489609375
  317.0    0.0002418828125
  318.0    0.0002364296875
  319.0    0.00023290625
  320.0    0.00023
  380.0    0.0001137
  382.5    0.0001044
  385.0    9.41e-05
  387.5    9.17e-05
  390.0    8.51e-05
  392.5    8.29e-05
  395.0    8.13e-05
  397.5    7.75e-05
  400.0    6.63e-05
  402.5    5.79e-05
  405.0    5.3e-05
  407.5    5.03e-05
  410.0    4.73e-05
  412.5    4.52e-05
  415.0    4.44e-05
  417.5    4.42e-05
  420.0    4.54e-05
  422.5    4.74e-05
  425.0    4.78e-05
  427.5    4.82e-05
  430.0    4.95e-05
  432.5    5.04e-05
  435.0    5.3e-05
  437.5    5.8e-05
  440.0    6.35e-05
  442.5    6.96e-05
  445.0    7.51e-05
  447.5    8.3e-05
  450.0    9.22e-05
  452.5    9.69e-05
  455.0    9.62e-05
  457.5    9.57e-05
  460.0    9.79e-05
  462.5    0.0001005
  465.0    0.0001011
  467.5    0.000102
  470.0    0.000106
  472.5    0.000109
  475.0    0.000114
  477.5    0.000121
  480.0    0.000127
  482.5    0.000131
  485.0    0.000136
  487.5    0.000144
  490.0    0.00015
  492.5    0.000162
  495.0    0.000173
  497.5    0.000191
  500.0    0.000204
  502.5    0.000228
  505.0    0.000256
  507.5    0.00028
  510.0    0.000325
  512.5    0.000372
  515.0    0.000396
  517.5    0.000399
  520.0    0.000409
  522.5    0.000416
  525.0    0.000417
  527.5    0.000428
  530.0    0.000434
  532.5    0.000447
  535.0    0.000452
  537.5    0.000466
  540.0    0.000474
  542.5    0.000489
  545.0    0.000511
  547.5    0.000537
  550.0    0.000565
  552.5    0.000593
  555.0    0.000596
  557.5    0.000606
  560.0    0.000619
  562.5    0.00064
  565.0    0.000642
  567.5    0.000672
  570.0    0.000695
  572.5    0.000733
  575.0    0.000772
  577.5    0.000836
  580.0    0.000896
  582.5    0.000989
  585.0    0.0011
  587.5    0.00122
  590.0    0.001351
  592.5    0.001516
  595.0    0.001672
  597.5    0.001925
  600.0    0.002224
  602.5    0.00247
  605.0    0.002577
  607.5    0.002629
  610.0    0.002644
  612.5    0.002665
  615.0    0.002678
  617.5    0.002707
  620.0    0.002755
  622.5    0.00281
  625.0    0.002834
  627.5    0.002904
  630.0    0.002916
  632.5    0.002995
  635.0    0.003012
  637.5    0.003077
  640.0    0.003108
  642.5    0.00322
  645.0    0.00325
  647.5    0.00335
  650.0    0.0034
  652.5    0.00358
  655.0    0.00371
  657.5    0.00393
  660.0    0.0041
  662.5    0.00424
  665.0    0.00429
  667.5    0.00436
  670.0    0.00439
  672.5    0.00448
  675.0    0.00448
  677.5    0.00461
  680.0    0.00465
  682.5    0.00478
  685.0    0.00486
  687.5    0.00502
  690.0    0.00516
  692.5    0.00538
  695.0    0.00559
  697.5    0.00592
  700.0    0.00624
  702.5    0.00663
  705.0    0.00704
  707.5    0.00756
  710.0    0.00827
  712.5    0.00914
  715.0    0.01007
  717.5    0.01119
  720.0    0.01231
  722.5    0.01356
  725.0    0.01489
  727.5    0.01678
  728.0    0.02101
  729.0    0.02211
  730.0    0.02309
  731.0    0.02395
  732.0    0.02447
  733.0    0.02492
  734.0    0.02553
  735.0    0.02608
  736.0    0.02643
  737.0    0.02657
  738.0    0.02686
  739.0    0.02697
  740.0    0.02698
  741.0    0.02718
  742.0    0.02704
  743.0    0.02711
  744.0    0.02713
  745.0    0.02712
  746.0    0.02723
  747.0    0.027
  748.0    0.02705
  749.0    0.02703
  750.0    0.02683
  751.0    0.02687
  752.0    0.02683
  753.0    0.02679
  754.0    0.02709
  755.0    0.02696
  756.0    0.02688
  757.0    0.02685
  758.0    0.02692
  759.0    0.02688
  760.0    0.02685
  762.0    0.02653
  764.0    0.02633
  766.0    0.02615
  768.0    0.02525
  770.0    0.02519
  772.0    0.02485
  774.0    0.02468
  776.0    0.02403
  778.0    0.02375
  780.0    0.02346
  782.0    0.02177
  784.0    0.02097
  786.0    0.02102
  788.0    0.0207
  790.0    0.02052
  800.0    0.02052
